endpoint 0 of 2  electrons 7.62002 3.49109 -3.03016e-05 0 x2 5.83844 4.7 -0.00848945 3449.25
endpoint 1 of 2  electrons 7.62003 3.49108 -3.82975e-05 0 x2 5.79442 4.7 -0.0191332 3507.22
endpoint 0 of 1  electrons 7.62001 3.45114 1.26128e-06 0 x2 2.39795 3.61738 0.0224078 9343.85
endpoint 0 of 1  electrons 7.62 3.37696 -1.74463e-06 0 x2 2.41709 3.60377 0.0122249 9133.88
endpoint 0 of 1  electrons 7.62 3.37605 -5.70745e-06 0 x2 2.4175 3.6001 -0.00817517 9123.89
endpoint 0 of 2  electrons 7.61999 3.3258 -2.59711e-05 0 x2 2.41536 3.59162 0.0156959 9138.83
endpoint 1 of 2  electrons 7.61999 3.3258 -2.72966e-05 0 x2 2.59463 3.61666 -0.0258269 8780.98
endpoint 0 of 1  electrons 7.61999 3.28234 -3.45618e-07 0 x2 2.6054 3.61665 0.0339199 8640.93
endpoint 0 of 1  electrons 7.61998 3.26304 -1.20028e-05 0 x2 7.21411 3.58965 -0.00321387 629.254
endpoint 0 of 1  electrons 7.61999 3.2447 5.44306e-06 0 x2 2.59519 3.61683 0.00583848 8754.09
endpoint 0 of 1  electrons 7.62 3.23532 -6.47174e-06 0 x2 7.21411 3.58965 0.000699555 653.055
endpoint 0 of 1  electrons 7.62 3.21757 2.41353e-06 0 x2 2.61719 3.6033 -0.0101949 8261.02
endpoint 0 of 1  electrons 7.62 3.17961 7.08962e-06 0 x2 4.19727 3.61729 0.00981937 4650.49
endpoint 0 of 1  electrons 7.62 3.12298 2.25219e-07 0 x2 4.21045 3.61404 -0.00603418 4571.28
endpoint 0 of 1  electrons 7.62 3.12055 -6.77446e-06 0 x2 6.00794 3.61559 0.000761202 1985.64
endpoint 0 of 2  electrons 7.61999 3.11948 -3.0703e-05 0 x2 6.01186 3.61287 -0.0109695 1970.31
endpoint 1 of 2  electrons 7.61998 3.11948 -4.87456e-05 0 x2 6.01691 3.59549 -0.0070792 1957.27
endpoint 0 of 2  electrons 7.61998 3.07177 4.06029e-05 0 x2 5.21667 3.59468 -0.0051928 3052.19
endpoint 1 of 2  electrons 7.61997 3.07177 5.99433e-05 0 x2 5.19644 3.58287 0.0167301 3052.51
endpoint 0 of 1  electrons 7.62 3.0277 -1.29456e-06 0 x2 5.01582 3.60747 0.00625002 3346.2
